( 'phase': 5.8257113305986, 'midfreq': 440.0, 'isOn': 1, 'presetCollection': 2, 
  'lofreq': [ 0.1, 100.0 ], 'freq': 3643.3014944872, 'rq': 0.707, 'amps': [ 0.0, 0.41775726101925, 0.19274241395255, 0.38682332306941, 0.10841761766127 ], 'deselectedKeysJT': [ 'isOn', 'amps', 'freq' ], 
  'method_CuesJT': 0, 'amp': 0.0, 'durations_CuesJT': 0.0 )