( 'mFreq': 1000.0, 'mrq': 1.0, 'hdb': 0.0, 'lpFreq': 2632.1166130191, 
  'lFreq': 200.0, 'hrs': 1.0, 'ldb': 0.0, 'hFreq': 3000.0, 'lrs': 1.0, 
  'hpFreq': 103.30689781914, 'mdb': 0.0 )