( 'gate': 0, 'minTime': 0.0, 'threshold_specflatness': 0.098492037859285, 'playButton': 1, 
  'updateButton': 0, 'holdTime': 0.14320444511146, 'lagD_specflatness': 0.0, 'pauseButton': 0, 'lagU': 0.0010000000474975, 
  'lagD': 0.20000000298023, 'lagU_specflatness': 0.0 )