( 'ms': [ 0.56910568475723, 0.3414634168148, 0.27743899822235, 0.18292683362961 ], 'slider': 0.0, 'bang': 0, 'bang2': 1, 
  'rq': 0.062571196936032, 'method': 1, 'durations': 2.4, 'freq': 1389.6020968787, 'extras': ( 'curves': 'sin' ), 
  'amp': 0.0 )