( 'lofreq': [ 0.46630996758699, 38.400541574491 ], 'midfreq': 395.0, 'rq': 1.1359833067529, 'phase': 1.065174996316, 
  'amps': [ 0.02914931625571, 1.0, 0.95181444157879, 0.41775726101925, 0.41775726101925 ], 'method_CuesJT': 0, 'freq': 6496.1777944775, 'amp': 0.63257977285019, 'isOn': 0, 
  'durations_CuesJT': 0.0 )