( 'ms': [ 0.56910568475723, 0.43902438879013, 0.47560974955559, 0.58536583185196 ], 'slider': 0.0, 'bang': 0,
  'bang2': 0, 'rq': 0.062571196936032, 'method': 0, 'durations': 0.0, 'freq': 1389.6020968787,
  'amp': 0.8058193618172 )