( 'method_CuesJT': 1, 'bang2': 1, 'amp': 0.0, 'durations_CuesJT': 2.4, 
  'ms': [ 0.56910568475723, 0.3414634168148, 0.27743899822235, 0.18292683362961 ], 'slider': 0.0, 'extras_CuesJT': ( 'curves': 'sin' ), 'bang': 0, 'freq': 1389.6020968787, 
  'rq': 0.062571196936032 )